- longitude: -51.175896
  latitude: -30.059166
- longitude: -51.175896
  latitude: -30.059166
