- long: -51.175896
  lat: -30.059166
- long: -51.175896
  lat: -30.059166
  